647.024
   1   1  27.76 106  0  67  46  34   4  0
   1   2  39.70  99  0  75  68   6  51  17  26  0
   2   1  73.64 135  0  29  45  27  52  19  54  13  57  15  0
   2   2  63.77 123  0   5  37  20  70  60  71  69  36  47  0
   2   3  41.51 106  0  30   2  74  21  48  0
   3   1   4.00  22  0  53  0
   3   2  57.52 138  0  11  65  66  59  14  0
   3   3  83.13 137  0  38  31  10  58   7   8  35  0
   4   1  46.04 123  0  40  12  72  39   9  32  0
   4   2  87.79 135  0  16  49  24  18  55  25  50  44   3  0
   5   1  69.07 113  0  62  28  61  22  64  42  0
   5   2  53.04 127  0   1  73  33  63  23  56  41  43  0
