1034.92
   1   1  40.56  87  0   2  22  75  74  72  21  0
   1   2  85.57 100  0  57  15  43  38  86  16  37  0
   1   3  67.19  98  0  13   6   5  84  17  61  93  92  0
   1   4  73.41  99  0  73   4  25  55  54  12  26  40  0
   1   5  41.66 100  0  59  99  85  98  97  0
   1   6  55.32  87  0  87 100  91  44  14  42  0
   1   7  76.51  96  0  41  23  67  39  56  0
   1   8  41.89  90  0  58  53  94  96  95  0
   2   1  89.71  98  0   9  35  71  65  66  20  70  0
   2   2 101.59  92  0  62  11  64  49  36  46  82  0
   2   3  59.56  94  0   7  48  47  19  88  0
   2   4  56.34  99  0  76  77   3  79  81  51  0
   2   5  91.89  98  0  33  78  34  29  24  80  68  28  0
   2   6  77.63  97  0  52  18   8  45  83  60  89  27  69  0
   2   7  67.07  96  0  10  63  90  32  30  50   1  0
   2   8   8.94  27  0  31  0
