893.431
   1   1  79.86  95  0  84  83   8  48  46  45  17  61  0
   1   2  33.70  93  0  37  92  97  13  95  59  0
   1   3  42.39  88  0  16  86  38  44  0
   1   4  67.39  98  0  91  14  43  15  57   2  87  42 100  0
   1   5  12.34  73  0  85  93  98  0
   1   6  45.83  94  0   5  60  89   6  94  96  99  0
   2   1  51.42  88  0  21  40  58  53  26  12  0
   2   2  37.03  83  0  72  75  41  22  74  73  0
   2   3  50.52  91  0  56  23  67  39  0
   2   4  67.85  99  0   4  25  55  24  29  68  80  54  0
   3   1  52.70  78  0  31  52  18  82   7  88  0
   3   2  83.80  98  0  20  66  65  71  35   9  70  0
   3   3  57.81  88  0  69  27  28  76  77  50   1  0
   3   4  71.03 100  0  51  33  81  34  78  79   3  0
   3   5  88.58 100  0  19  47  36  49  64  11  0
   3   6  51.10  92  0  30  32  90  63  62  10  0
