910.075
   1   1  37.80  83  0  84  61  16  85  60  0
   1   2  78.88  98  0  45  17  86  38  44  91  98  0
   1   3  52.66 100  0  83   8  46  47  48  82  0
   1   4  40.99  98  0  18  89   6  96  99  93   5  0
   2   1  81.55 100  0  24  29  78  34  35  81  33  50  76  0
   2   2  47.85  84  0  12  28  53  26  54  0
   2   3  67.49  83  0   4  39  67  25  55  0
   2   4  27.97  92  0  77   3  79  68  80  0
   3   1  58.67  91  0  74  75  56  23  22  41   2  0
   3   2  34.01  89  0  97  92  59  95  94  0
   3   3  41.46  95  0  73  72  21  40  58  13  0
   3   4  68.27  98  0  57  15  43  42  14 100  37  87  0
   4   1  95.51  97  0  62  11  64  49  36  19   7  0
   4   2  37.95  67  0  31  88  52  27  69  0
   4   3  81.90 100  0  70  20  66  65  71   9  51  0
   4   4  57.03  83  0   1  30  32  90  63  10  0
