4633.96
   1   1 136.37 489  0  64 193 101 148  26   9 153  58 150 183 195  0
   1   2  79.10 391  0 249  43 223 225 157 163  0
   1   3 159.32 489  0  69 146 102  15  75  59 162  52  16  0
   1   4 206.42 491  0 204  18  12 211  90  61 221 129 130  49 124 173  27  0
   1   5 165.22 371  0 137 228  53  65 206  83 217  0
   1   6 189.45 486  0 238  10  42 197 194  80 113 103 168  66  56 241  0
   1   7  98.02 494  0 224  82 235  11 214 131  57 203  0
   1   8  82.26 245  0 190   8   3 118 123  0
   1   9 208.14 491  0 177 237  39 233 176 136 226  32  78 175  38 122  62  0
   1  10 282.84 495  0 135  84 219 201 147 127  40  24  17  55  47 242  0
   1  11 309.98 488  0  96 207  79  33  71 229   1  31 205 133   5 191  30  54  0
   1  12 143.37 496  0 112 213  72 185  19 166 198  73  0
   1  13 202.06 490  0  13 167  89 248 121 106 189 220  36  0
   1  14  94.26 374  0 125 114 230 170   2  0
   2   1 291.86 487  0 246 172 234 142  68 231 139 202 232 155  76  87 188  0
   2   2 105.25 292  0 116 126 215  74 104 141  25  0
   2   3  45.72 165  0  63 180  0
   2   4 150.89 498  0 222  85 171 181 169 243   6  37  0
   2   5 166.93 494  0 200 187  45 212 107 240  98  14 128  0
   2   6 186.27 498  0 216  46  91  88 247 149  86 151  94  0
   2   7 159.39 496  0 152 144 192 184 218 119 245  50  77  93 161 179  0
   2   8 194.45 496  0 199  44 105  29 227  20 109  41 210 178 236  23 120  22  0
   2   9 153.50 417  0  28  95  34 182  35 239 156  0
   2  10 212.19 492  0   7  21 138 209  99  70 108 244 154   4 160  0
   2  11 155.56 487  0 208 164  81 115 145 100 186 140  0
   2  12 287.27 498  0 110  60 158 159 134  51  67  97 132 165  0
   2  13 167.75 496  0 111  92 117 143 174 196  48  0
