4039.14
   1   1 120.19 411  0 171 181 162  75  59 132 105  0
   1   2 276.30 491  0  29 134 159 147 127  40  24  78 226 136 176 233  0
   1   3 102.25 438  0 174 143  45 187 161 128  48  0
   1   4 215.11 491  0  77  88 151  94  86 149 247 212 107  14  0
   1   5 213.36 494  0 200 152 156  35 239 119 218 184  46 179  0
   1   6  89.64 447  0  92 178 210  41 109  20 227  0
   1   7 189.06 498  0  93  91  50 245 192 144 216 180  63  23 236  0
   1   8 175.52 438  0  97  67  32 201  51 158  60 110  0
   1   9  77.31 320  0 117 240  98 196  0
   1  10 152.99 488  0  85 169  52 219  15 102  16 243   6 165  0
   1  11 182.79 495  0 222  37 116 126 141  25 246 208 199  44  22 120 111  0
   2   1 173.97 493  0 190 123 118   3   8 112  96  73 198 204  0
   2   2 155.52 443  0 101 214  10  80 113 103 194 197  42 238  0
   2   3 205.24 497  0 203  57 131  66 168  47  55  17 175  56 242 241  0
   2   4  81.01 499  0 114 230 150 220  36 183  58  0
   2   5 193.65 471  0 217  83 206  65 228  53 124 137  54 173  27 195  0
   2   6 106.28 425  0 193  11 225 223  62 249 157  82  0
   2   7  81.81 411  0  64 163 125   2 170  0
   2   8 167.15 491  0 224  69 177 237 146 135  84  39  38 122  43 235  0
   2   9 129.80 475  0  13 167  89 248 121 106 189 153   9  26 148  0
   3   1 174.76 493  0  99  70 232 142  68 231 202 139   1 229  71  31 205 234  0
   3   2 203.16 487  0  81   4  87 188  34  95 182  28 160   7 164  21 138  0
   3   3 104.55 490  0 244 108 155  76 154 115 145 209  0
   3   4 176.25 500  0 100 186 172 140  74 104 215 213  72  0
   3   5 149.14 467  0  33   5 133  12  49 130 129 221  61  90 211  0
   3   6 142.20 453  0  79 191  18  30 207 166 185  19  0
