3860.12
   1   1  88.36 428  0 111 120  22 128 143 174  48 196  0
   1   2  91.36 455  0  29 227  20 109  41 210 178  92  0
   1   3 194.88 495  0 132  97  67  51 134 159 158  60 110  0
   1   4 188.74 487  0 105 171 181 169 243  16 116 126   6 165 222  85  0
   1   5 160.80 492  0 236  23 179 161  46 216 180  63 200 199  44  37  0
   1   6 202.65 473  0  14  45 187  93  91  77  50  88 247 212 107  0
   1   7  60.51 230  0  98 240 117  0
   2   1 127.68 499  0  42 197 194  80 113 103 168  47  55  17 175  66  0
   2   2 151.17 490  0 249  62 237 177  69 190 123 118   3 135  84 146 122  0
   2   3 181.42 481  0 203 101 148  26   9 153 248 121  89 167  13 238  10  0
   2   4 138.65 490  0  11 193 114 125  64 163 224 235 241  0
   2   5  57.24 253  0 214  57 131  0
   2   6  78.75 475  0 225  82 157  43 223  38 242  0
   2   7 189.10 496  0 176 136 226  32  78 201 147 127  40  24  0
   2   8 126.47 485  0  39 102  15  52 162  59  75 219 233  56  0
   3   1 200.04 495  0  27 195   2 170 230 189 106 150 217  0
   3   2 239.81 493  0 133   5  79  19 185  72  33  71 229   1  31 205 211  0
   3   3 166.06 500  0 173 204 198  73  96 112   8 213 166 207 191  0
   3   4 146.59 498  0 228  53  65 206 220  36 183  58  83  0
   3   5  45.48 200  0  18  30  54 137  0
   3   6  94.97 398  0 124  49 130 129 221  90  61  12  0
   4   1 140.33 494  0 188  95  34  87 154  76 155  70  99 244 115  0
   4   2  89.83 376  0  81 186  21 138 100   4  0
   4   3 186.52 500  0 145 209 234  68 142 231 139 202 232 108  0
   4   4 115.09 496  0  28 156 192 184 218 239 182  0
   4   5 173.91 439  0   7 246  25 141 104 215  74 172 140 164  0
   4   6 223.58 488  0 160 208 152 144 245  94 151  86 149 119  35  0
