3766.11
   1   1 154.39 285  0  37 116 126 141  25 199  44 111  0
   1   2 115.25 449  0 178 210  41 110  60 158  20 109  0
   1   3  96.14 457  0 196 174 143  14 107  98 240 117  0
   1   4 100.77 360  0  92 227  29  97 132 105  0
   1   5 153.23 491  0  48 128 212  45 161 179 200  22 120  23 236  0
   1   6 140.18 472  0 222 165   6  16 243  52 181 171 169  85  0
   2   1 104.61 453  0 176 233 102  15 219  75 162  59 226  0
   2   2 102.75 455  0  24  17  55  47 168 103 113  66 175  0
   2   3 166.84 495  0  56  11 203  57 214 131 238  10  42 197 194  80  0
   2   4 168.58 458  0  78  32 201  67  51 134 159 147 127  40  0
   2   5 176.45 491  0  38 242 241 225 223  43 122 146  84  39 136  0
   3   1 182.62 470  0 239  35 182  34  87  76 154   4 188  95  28  0
   3   2 154.88 441  0 156 160 164   7 246 208 152  63 180  0
   3   3 134.81 476  0 192 184  50  88  77  91 187  93  46 216 144  0
   3   4 126.93 495  0 119 149  86 247 151  94 245 218  0
   4   1 164.17 484  0 163  69 177 237 249  62 135   3 118 123   8 204  0
   4   2 113.71 475  0  27 217 230 153   9  26 148 170   2 195  0
   4   3 140.24 486  0 125 101 193 235  82 157 224  64  0
   4   4 129.71 497  0 137  18  54 198  73  96 112 190  0
   4   5 196.15 499  0 114  13 167  89 248 121 106 189  36  83  0
   4   6 141.21 499  0 173 228  53  65 206 220 150 183  58  0
   5   1 116.53 479  0   5 133  12 124  49 130 129 221  61  90 211  79  0
   5   2 168.26 485  0 234  99  70 155 108 244 115 100  21  0
   5   3 172.50 494  0 191  30 207 166 213 215 104  74 140 172  72  0
   5   4 209.93 486  0 205  31  71 229   1 139 202 231 232 142  68  33  0
   5   5 135.13 474  0  19 185 186  81 145 209 138  0
