2579.25
   1   1 188.92  55  0   6  14  22  30  73  38  36  28  20  12   4  0
   1   2 170.71  54  0   1   9  17  25  33  34  26  18  10   2  0
   1   3 216.08  60  0   8  16  24  32  40 158 113  75  67  74  39  31  23  15   7  0
   1   4 204.85  60  0   5  13  21  29  37 156 148 145 153  35  27  19  11   3  0
   2   1 114.04  50  0  43  51  59  66  58  50  42  0
   2   2 170.71  54  0  46  54  62  70  78  79  71  63  55  47  0
   2   3 147.79  53  0  44  52  60  68  76  65  57  49  41  0
   2   4 196.08  58  0  45  53  61  69  77 116 110 118  80  72  64  56  48  0
   3   1 128.48  51  0  87  95 103 111 119 102  94  86  0
   3   2 170.71  54  0  88  96 104 112 120 117 109 101  93  85  0
   3   3 136.56  52  0  81  89  97 105 108 100  92  84  0
   3   4 196.08  58  0  82  90  98 106 114 159 152 160 115 107  99  91  83  0
   4   1 170.71  54  0 122 130 138 146 154 155 147 139 131 123  0
   4   2 128.48  51  0 128 136 144 157 149 141 133 125  0
   4   3 102.42  48  0 124 132 140 137 129 121  0
   4   4 136.56  52  0 126 134 142 150 151 143 135 127  0
