2596.83
   1   1 170.71  54  0   1   9  17  25  33  36  28  20  12   4  0
   1   2 188.92  55  0   3  11  19  27 153  35  34  26  18  10   2  0
   1   3 196.08  58  0   7  15  23  31  39  74  65  73  38  30  22  14   6  0
   1   4 196.08  58  0   8  16  24  32  40 158 150 156  37  29  21  13   5  0
   2   1 114.04  50  0  41  49  57  66  58  50  42  0
   2   2 170.71  54  0  46  54  62  70  78  76  68  60  52  44  0
   2   3 196.08  58  0  45  53  61  69  77 116 105 113  75  67  59  51  43  0
   2   4 188.92  55  0  47  55  63  71  79  80 118  72  64  56  48  0
   3   1 114.04  50  0  84  92 100 108  97  89  81  0
   3   2 147.79  53  0  87  95 103 111 119 110 102  94  86  0
   3   3 170.71  54  0  88  96 104 112 120 117 109 101  93  85  0
   3   4 196.08  58  0  82  90  98 106 114 159 152 160 115 107  99  91  83  0
   4   1 170.71  54  0 123 131 139 147 155 157 149 141 133 125  0
   4   2 114.04  50  0 127 135 143 151 144 136 128  0
   4   3 147.79  53  0 122 130 138 146 154 145 137 129 121  0
   4   4 114.04  50  0 124 132 140 148 142 134 126  0
