2731.37
   1   1 170.71  54  0   7  15  23  31  39  40  32  24  16   8  0
   1   2 170.71  54  0   1   9  17  25  33  34  26  18  10   2  0
   1   3 170.71  54  0   3  11  19  27  35  37  29  21  13   5  0
   1   4 170.71  54  0   6  14  22  30  38  36  28  20  12   4  0
   2   1 170.71  54  0  44  52  60  68  76  78  70  62  54  46  0
   2   2 170.71  54  0  47  55  63  71  79  80  72  64  56  48  0
   2   3 170.71  54  0  45  53  61  69  77  75  67  59  51  43  0
   2   4 170.71  54  0  42  50  58  66  74  73  65  57  49  41  0
   3   1 170.71  54  0  84  92 100 108 116 113 105  97  89  81  0
   3   2 170.71  54  0  86  94 102 110 118 119 111 103  95  87  0
   3   3 170.71  54  0  85  93 101 109 117 120 112 104  96  88  0
   3   4 170.71  54  0  83  91  99 107 115 114 106  98  90  82  0
   4   1 170.71  54  0 125 133 141 149 157 160 152 144 136 128  0
   4   2 170.71  54  0 127 135 143 151 159 158 150 142 134 126  0
   4   3 170.71  54  0 124 132 140 148 156 153 145 137 129 121  0
   4   4 170.71  54  0 123 131 139 147 155 154 146 138 130 122  0
