3881
   1   1 128.48  51  0   6  14  22  36  28  20  12   4  0
   1   2 209.57  59  0   8  16  24  32  40 158 113  75  67  39  31  23  15   7  0
   1   3 204.85  60  0   2  10  18  26  34 239 231 230 238  33  25  17   9   1  0
   1   4 216.08  60  0   3  11  19  27  35 240 198 153 145 156  37  29  21  13   5  0
   2   1 128.48  51  0  45  53  61  69  77  59  51  43  0
   2   2 170.71  54  0  46  54  62  70  78  76  68  60  52  44  0
   2   3 189.57  57  0  41  49  57  65  73  38  30  74  66  58  50  42  0
   2   4 188.92  55  0  47  55  63  71  79  80 118  72  64  56  48  0
   3   1 147.79  53  0  87  95 103 111 119 110 102  94  86  0
   3   2 147.79  53  0  84  92 100 108 116 105  97  89  81  0
   3   3 204.85  60  0  83  91  99 107 115 160 152 151 159 114 106  98  90  82  0
   3   4 170.71  54  0  85  93 101 109 117 120 112 104  96  88  0
   4   1 136.56  52  0 126 134 142 150 148 140 132 124  0
   4   2 102.42  48  0 127 135 143 144 136 128  0
   4   3 147.79  53  0 125 133 141 149 157 147 139 131 123  0
   4   4 128.48  51  0 122 130 138 146 154 137 129 121  0
   5   1 170.71  54  0 163 171 179 187 195 197 189 181 173 165  0
   5   2 188.92  55  0 161 169 177 185 235 193 194 186 178 170 162  0
   5   3 181.70  55  0 167 175 183 191 199 155 200 192 184 176 168  0
   5   4 147.79  53  0 164 172 180 188 196 190 182 174 166  0
   6   1 147.79  53  0 202 210 218 226 234 227 219 211 203  0
   6   2 147.79  53  0 208 216 224 232 237 229 221 213 205  0
   6   3 102.42  48  0 206 214 222 223 215 207  0
   6   4 170.71  54  0 201 209 217 225 233 236 228 220 212 204  0
