3867.99
   1   1 147.79  53  0   1   9  17  25  36  28  20  12   4  0
   1   2 196.08  58  0   8  16  24  32  40 158 150 156  37  29  21  13   5  0
   1   3 196.08  58  0   7  15  23  31  39  74  65  73  38  30  22  14   6  0
   1   4 196.08  58  0   3  11  19  27  35 240 232 239  34  26  18  10   2  0
   2   1 196.08  58  0  45  53  61  69  77 116 110 118  80  72  64  56  48  0
   2   2 128.48  51  0  41  49  57  76  68  60  52  44  0
   2   3 136.56  52  0  42  50  58  66  67  59  51  43  0
   2   4 170.71  54  0  46  54  62  70  78  79  71  63  55  47  0
   3   1 174.56  54  0  81  89  97 105 113  75 108 100  92  84  0
   3   2 128.48  51  0  87  95 103 111 119 102  94  86  0
   3   3 170.71  54  0  88  96 104 112 120 117 109 101  93  85  0
   3   4 196.08  58  0  83  91  99 107 115 160 152 159 114 106  98  90  82  0
   4   1 128.48  51  0 125 133 141 149 157 144 136 128  0
   4   2 114.04  50  0 121 129 137 148 140 132 124  0
   4   3 114.04  50  0 127 135 143 151 142 134 126  0
   4   4 181.70  55  0 122 130 138 146 154 200 155 147 139 131 123  0
   5   1 189.57  57  0 166 174 182 190 198 153 145 199 191 183 175 167  0
   5   2 170.71  54  0 163 171 179 187 195 194 186 178 170 162  0
   5   3 147.79  53  0 168 176 184 192 197 189 181 173 165  0
   5   4 196.08  58  0 161 169 177 185 193 235 227 237 196 188 180 172 164  0
   6   1 114.04  50  0 205 213 221 229 224 216 208  0
   6   2 170.71  54  0 201 209 217 225 233 236 228 220 212 204  0
   6   3 128.48  51  0 203 211 219 234 226 218 210 202  0
   6   4 174.56  54  0 207 215 223 231  33 238 230 222 214 206  0
