4097.06
   1   1 170.71  54  0   6  14  22  30  38  36  28  20  12   4  0
   1   2 170.71  54  0   8  16  24  32  40  39  31  23  15   7  0
   1   3 170.71  54  0   5  13  21  29  37  35  27  19  11   3  0
   1   4 170.71  54  0   2  10  18  26  34  33  25  17   9   1  0
   2   1 170.71  54  0  47  55  63  71  79  80  72  64  56  48  0
   2   2 170.71  54  0  45  53  61  69  77  75  67  59  51  43  0
   2   3 170.71  54  0  46  54  62  70  78  76  68  60  52  44  0
   2   4 170.71  54  0  42  50  58  66  74  73  65  57  49  41  0
   3   1 170.71  54  0  86  94 102 110 118 119 111 103  95  87  0
   3   2 170.71  54  0  84  92 100 108 116 113 105  97  89  81  0
   3   3 170.71  54  0  83  91  99 107 115 114 106  98  90  82  0
   3   4 170.71  54  0  85  93 101 109 117 120 112 104  96  88  0
   4   1 170.71  54  0 128 136 144 152 160 159 151 143 135 127  0
   4   2 170.71  54  0 125 133 141 149 157 155 147 139 131 123  0
   4   3 170.71  54  0 121 129 137 145 153 154 146 138 130 122  0
   4   4 170.71  54  0 126 134 142 150 158 156 148 140 132 124  0
   5   1 170.71  54  0 164 172 180 188 196 198 190 182 174 166  0
   5   2 170.71  54  0 167 175 183 191 199 200 192 184 176 168  0
   5   3 170.71  54  0 165 173 181 189 197 195 187 179 171 163  0
   5   4 170.71  54  0 162 170 178 186 194 193 185 177 169 161  0
   6   1 170.71  54  0 208 216 224 232 240 237 229 221 213 205  0
   6   2 170.71  54  0 202 210 218 226 234 235 227 219 211 203  0
   6   3 170.71  54  0 207 215 223 231 239 238 230 222 214 206  0
   6   4 170.71  54  0 201 209 217 225 233 236 228 220 212 204  0
