5800.11
   1   1 147.79  53  0   1   9  17  25  36  28  20  12   4  0
   1   2 147.79  53  0   5  13  21  29  37  32  24  16   8  0
   1   3 147.79  53  0   6  14  22  30  39  31  23  15   7  0
   1   4 196.08  58  0   2  10  18  26  34 239 232 240  35  27  19  11   3  0
   2   1 147.79  53  0  41  49  57  65  74  66  58  50  42  0
   2   2 188.92  55  0  47  55  63  71  79  80 118  72  64  56  48  0
   2   3 196.08  58  0  46  54  62  70  78 360 352 357  76  68  60  52  44  0
   2   4 216.08  60  0  43  51  59  67  75  40 158 113 105 116  77  69  61  53  45  0
   3   1 189.57  57  0  82  90  98 106 114 152 160 115 107  99  91  83  0
   3   2 114.04  50  0  84  92 100 108  97  89  81  0
   3   3 170.71  54  0  88  96 104 112 120 117 109 101  93  85  0
   3   4 147.79  53  0  87  95 103 111 119 110 102  94  86  0
   4   1 128.48  51  0 128 136 144 157 149 141 133 125  0
   4   2 147.79  53  0 127 135 143 151 159 150 142 134 126  0
   4   3 147.79  53  0 124 132 140 148 156 145 137 129 121  0
   4   4 204.85  60  0 123 131 139 147 155 200 192 191 199 154 146 138 130 122  0
   5   1 128.48  51  0 161 169 177 194 186 178 170 162  0
   5   2 170.71  54  0 165 173 181 189 197 195 187 179 171 163  0
   5   3 188.92  55  0 166 174 182 190 153 198 196 188 180 172 164  0
   5   4 102.42  48  0 167 175 183 184 176 168  0
   6   1 189.57  57  0 205 213 221 229 237 185 193 235 227 219 211 203  0
   6   2 114.04  50  0 207 215 223 231 224 216 208  0
   6   3 188.92  55  0 201 209 217 225 275 233 234 226 218 210 202  0
   6   4 216.08  60  0 204 212 220 228 236 277 272 280 315  33 238 230 222 214 206  0
   7   1 147.79  53  0 243 251 259 267 274 266 258 250 242  0
   7   2 147.79  53  0 247 255 263 271 279 270 262 254 246  0
   7   3 170.71  54  0 244 252 260 268 276 273 265 257 249 241  0
   7   4 114.04  50  0 248 256 264 269 261 253 245  0
   8   1 147.79  53  0 286 294 302 310 316 308 300 292 284  0
   8   2 114.04  50  0 287 295 303 311 304 296 288  0
   8   3 181.70  55  0 281 289 297 305 313 278 314 306 298 290 282  0
   8   4 147.79  53  0 285 293 301 309 317 307 299 291 283  0
   9   1 216.08  60  0 323 331 339 347 355  73  38 320 312 319 354 346 338 330 322  0
   9   2 188.92  55  0 321 329 337 345 318 353 356 348 340 332 324  0
   9   3 170.71  54  0 327 335 343 351 359 358 350 342 334 326  0
   9   4 114.04  50  0 328 336 344 349 341 333 325  0
