5836.21
   1   1 147.79  53  0   7  15  23  31  39  32  24  16   8  0
   1   2 199.91  56  0   1   9  17  25 315  33 239  34  26  18  10   2  0
   1   3 196.08  58  0   3  11  19  27  35 153 145 156  37  29  21  13   5  0
   1   4 189.57  57  0   4  12  20  28  36 312 320  38  30  22  14   6  0
   2   1 195.84  56  0  42  50  58  66  74  40 113  75  67  59  51  43  0
   2   2 147.79  53  0  46  54  62  70  79  71  63  55  47  0
   2   3 196.08  58  0  48  56  64  72  80 118 110 116  77  69  61  53  45  0
   2   4 196.08  58  0  41  49  57  65  73 355 347 357  76  68  60  52  44  0
   3   1 136.56  52  0  81  89  97 105 108 100  92  84  0
   3   2 128.48  51  0  87  95 103 111 119 102  94  86  0
   3   3 196.08  58  0  82  90  98 106 114 159 152 160 115 107  99  91  83  0
   3   4 170.71  54  0  85  93 101 109 117 120 112 104  96  88  0
   4   1 114.04  50  0 121 129 137 148 140 132 124  0
   4   2 128.48  51  0 125 133 141 149 157 144 136 128  0
   4   3 161.70  53  0 126 134 142 150 158 151 143 135 127  0
   4   4 196.08  58  0 122 130 138 146 154 199 192 200 155 147 139 131 123  0
   5   1 114.04  50  0 167 175 183 191 184 176 168  0
   5   2 188.92  55  0 162 170 178 186 194 193 235 185 177 169 161  0
   5   3 196.08  58  0 164 172 180 188 196 237 232 240 198 190 182 174 166  0
   5   4 170.71  54  0 165 173 181 189 197 195 187 179 171 163  0
   6   1 196.08  58  0 206 214 222 230 238 280 272 277 236 228 220 212 204  0
   6   2 136.56  52  0 205 213 221 229 227 219 211 203  0
   6   3 147.79  53  0 202 210 218 226 234 225 217 209 201  0
   6   4 114.04  50  0 208 216 224 231 223 215 207  0
   7   1 128.48  51  0 247 255 263 271 279 264 256 248  0
   7   2 174.56  54  0 245 253 261 269 233 275 267 259 251 243  0
   7   3 170.71  54  0 242 250 258 266 274 273 265 257 249 241  0
   7   4 188.92  55  0 246 254 262 270 313 278 276 268 260 252 244  0
   8   1 147.79  53  0 281 289 297 305 316 308 300 292 284  0
   8   2 128.48  51  0 285 293 301 309 317 304 296 288  0
   8   3 147.79  53  0 283 291 299 307 314 306 298 290 282  0
   8   4 196.08  58  0 287 295 303 311 319 354 345 353 318 310 302 294 286  0
   9   1 188.92  55  0 328 336 344 352  78 360 359 351 343 335 327  0
   9   2 114.04  50  0 321 329 337 346 338 330 322  0
   9   3 170.71  54  0 324 332 340 348 356 358 350 342 334 326  0
   9   4 114.04  50  0 323 331 339 349 341 333 325  0
