6145.58
   1   1 170.71  54  0   4  12  20  28  36  33  25  17   9   1  0
   1   2 170.71  54  0   5  13  21  29  37  40  32  24  16   8  0
   1   3 170.71  54  0   2  10  18  26  34  35  27  19  11   3  0
   1   4 170.71  54  0   7  15  23  31  39  38  30  22  14   6  0
   2   1 170.71  54  0  42  50  58  66  74  75  67  59  51  43  0
   2   2 170.71  54  0  44  52  60  68  76  73  65  57  49  41  0
   2   3 170.71  54  0  48  56  64  72  80  77  69  61  53  45  0
   2   4 170.71  54  0  47  55  63  71  79  78  70  62  54  46  0
   3   1 170.71  54  0  82  90  98 106 114 115 107  99  91  83  0
   3   2 170.71  54  0  87  95 103 111 119 118 110 102  94  86  0
   3   3 170.71  54  0  84  92 100 108 116 113 105  97  89  81  0
   3   4 170.71  54  0  85  93 101 109 117 120 112 104  96  88  0
   4   1 170.71  54  0 126 134 142 150 158 156 148 140 132 124  0
   4   2 170.71  54  0 128 136 144 152 160 159 151 143 135 127  0
   4   3 170.71  54  0 125 133 141 149 157 155 147 139 131 123  0
   4   4 170.71  54  0 122 130 138 146 154 153 145 137 129 121  0
   5   1 170.71  54  0 168 176 184 192 200 199 191 183 175 167  0
   5   2 170.71  54  0 164 172 180 188 196 198 190 182 174 166  0
   5   3 170.71  54  0 165 173 181 189 197 195 187 179 171 163  0
   5   4 170.71  54  0 161 169 177 185 193 194 186 178 170 162  0
   6   1 170.71  54  0 201 209 217 225 233 234 226 218 210 202  0
   6   2 170.71  54  0 208 216 224 232 240 239 231 223 215 207  0
   6   3 170.71  54  0 206 214 222 230 238 236 228 220 212 204  0
   6   4 170.71  54  0 205 213 221 229 237 235 227 219 211 203  0
   7   1 170.71  54  0 245 253 261 269 277 275 267 259 251 243  0
   7   2 170.71  54  0 247 255 263 271 279 280 272 264 256 248  0
   7   3 170.71  54  0 241 249 257 265 273 274 266 258 250 242  0
   7   4 170.71  54  0 246 254 262 270 278 276 268 260 252 244  0
   8   1 170.71  54  0 282 290 298 306 314 315 307 299 291 283  0
   8   2 170.71  54  0 285 293 301 309 317 320 312 304 296 288  0
   8   3 170.71  54  0 286 294 302 310 318 319 311 303 295 287  0
   8   4 170.71  54  0 284 292 300 308 316 313 305 297 289 281  0
   9   1 170.71  54  0 327 335 343 351 359 358 350 342 334 326  0
   9   2 170.71  54  0 324 332 340 348 356 353 345 337 329 321  0
   9   3 170.71  54  0 323 331 339 347 355 354 346 338 330 322  0
   9   4 170.71  54  0 328 336 344 352 360 357 349 341 333 325  0
